nombreVid=970;
dateCatalogue={'200128','200128','200128','200128','200128','200128','200128','200128','200128','200128','200128','200128','200128','200128','200128','200128','200128','200128','200128','200128','200128','200128','200128','200128','200128','200128','200128','200128','200128','200128','200128','200128','200128','200128','200128','200128','200128','200128','200128','200128','200128','200128','200128','200128','200128','200128','200128','200128','200128','200128','200128','200128','200128','200128','200128','200128','200128','200128','200128','200128','200128','200128','200128','200128','200128','200128','200128','200128','200128','200128','200128','200128','200128','200128','200128','200128','200128','200128','200128','200128','200128','200128','200128','200128','200128','200128','200128','200128','200128','200128','200128','200128','200128','200128','200128','200128','200128','200128','200128','200128','200128','200128','200128','200128','200128','200128','200128','200128','200128','200128','200129','200129','200129','200129','200129','200129','200129','200129','200129','200129','200129','200129','200129','200129','200129','200129','200129','200129','200129','200129','200129','200129','200129','200129','200129','200129','200129','200129','200129','200129','200129','200129','200129','200129','200129','200129','200129','200129','200129','200129','200129','200129','200129','200129','200129','200129','200129','200129','200129','200129','200129','200129','200129','200129','200129','200129','200129','200129','200129','200129','200129','200129','200129','200129','200129','200129','200129','200129','200129','200129','200129','200129','200129','200129','200129','200129','200129','200129','200129','200129','200129','200129','200129','200129','200129','200129','200129','200129','200129','200129','200129','200129','200129','200129','200129','200129','200129','200129','200129','200129','200129','200129','200129','200129','200129','200129','200129','200129','200129','200129','200130','200130','200130','200130','200130','200130','200130','200130','200130','200130','200130','200130','200130','200130','200130','200130','200130','200130','200130','200130','200130','200130','200130','200130','200130','200130','200130','200130','200130','200130','200130','200130','200130','200130','200130','200130','200130','200130','200130','200130','200130','200130','200130','200130','200130','200130','200130','200130','200130','200130','200130','200130','200130','200130','200130','200130','200130','200130','200130','200130','200130','200130','200130','200130','200130','200130','200130','200130','200130','200130','200130','200130','200130','200130','200130','200130','200130','200130','200130','200130','200130','200130','200130','200130','200130','200130','200130','200130','200130','200130','200130','200130','200130','200130','200130','200130','200130','200130','200130','200130','200204','200204','200204','200204','200204','200204','200204','200204','200204','200204','200204','200204','200204','200204','200204','200204','200204','200204','200204','200204','200204','200204','200204','200204','200204','200204','200204','200204','200204','200204','200204','200204','200204','200204','200204','200204','200204','200204','200204','200204','200204','200204','200204','200204','200204','200204','200204','200204','200204','200204','200204','200204','200204','200204','200204','200204','200204','200204','200204','200204','200204','200204','200204','200204','200204','200204','200204','200204','200204','200204','200204','200204','200204','200204','200204','200204','200204','200204','200204','200204','200204','200204','200204','200204','200204','200204','200204','200204','200204','200204','200204','200204','200204','200204','200204','200204','200204','200204','200204','200204','200204','200204','200204','200204','200204','200204','200204','200204','200204','200204','200204','200204','200204','200204','200204','200204','200204','200204','200204','200204','200204','200204','200204','200204','200204','200204','200204','200204','200204','200204','200204','200204','200204','200204','200204','200204','200204','200204','200204','200204','200204','200204','200204','200204','200204','200204','200204','200204','200204','200204','200204','200204','200204','200204','200204','200204','200204','200204','200204','200204','200204','200204','200204','200204','200204','200204','200204','200204','200204','200204','200204','200204','200204','200204','200204','200204','200204','200204','200204','200204','200204','200204','200204','200204','200204','200204','200204','200204','200204','200204','200204','200204','200204','200204','200204','200204','200204','200204','200204','200204','200204','200204','200204','200204','200204','200204','200204','200204','200204','200204','200204','200204','200204','200204','200204','200204','200204','200204','200204','200204','200204','200204','200204','200204','200204','200204','200204','200204','200204','200204','200204','200204','200204','200204','200204','200204','200204','200204','200204','200204','200204','200204','200204','200204','200204','200204','200204','200204','200204','200204','200204','200204','200204','200204','200204','200204','200204','200204','200204','200204','200204','200204','200204','200204','200204','200204','200204','200204','200204','200204','200204','200204','200204','200204','200204','200204','200204','200204','200204','200204','200204','200204','200204','200204','200204','200204','200204','200204','200204','200204','200204','200204','200204','200204','200204','200204','200204','200204','200204','200204','200204','200204','200204','200204','200204','200204','200204','200204','200204','200204','200204','200204','200204','200204','200204','200204','200204','200204','200204','200204','200204','200204','200204','200204','200204','200204','200204','200204','200204','200204','200204','200204','200204','200204','200204','200204','200204','200204','200204','200204','200204','200204','200204','200204','200204','200204','200204','200204','200204','200204','200204','200204','200204','200204','200204','200204','200204','200204','200204','200204','200204','200204','200204','200204','200204','200204','200204','200204','200204','200204','200204','200204','200204','200204','200204','200204','200204','200204','200204','200204','200204','200204','200204','200204','200204','200204','200204','200204','200204','200204','200204','200204','200204','200204','200204','200204','200204','200204','200204','200204','200204','200204','200204','200204','200204','200204','200204','200204','200204','200204','200205','200205','200205','200205','200205','200205','200205','200205','200205','200205','200205','200205','200205','200205','200205','200205','200205','200205','200205','200205','200205','200205','200205','200205','200205','200205','200205','200205','200205','200205','200205','200205','200205','200205','200205','200205','200205','200205','200205','200205','200205','200205','200205','200205','200205','200205','200205','200205','200205','200205','200205','200205','200205','200205','200205','200205','200205','200205','200205','200205','200205','200205','200205','200205','200205','200205','200205','200205','200205','200205','200205','200205','200205','200205','200205','200205','200205','200205','200205','200205','200205','200205','200205','200205','200205','200205','200205','200205','200205','200205','200205','200205','200205','200205','200205','200205','200205','200205','200205','200205','200205','200205','200205','200205','200205','200205','200205','200205','200205','200205','200205','200205','200205','200205','200205','200205','200205','200205','200205','200205','200205','200205','200205','200205','200205','200205','200205','200205','200205','200205','200205','200205','200205','200205','200205','200205','200205','200205','200205','200205','200205','200205','200205','200205','200205','200205','200205','200205','200205','200205','200205','200205','200205','200205','200205',