nombreVid=890;

manipCat.taup=[0,0.01,0.1,0.2,0.05,0.05,0.05,0.05,0.05,0.05,...
    0.05,0.05,0.05,0.050,0.2,0.2,0.2,0.2,0.2,0.2,...
    0.2,0.2,0.2,0.2,0.1,0.1,0.1,0.1,0.1,0.1,...
    0.1,0.1,0.1,0.1,0,0,0,0,0,0,...
    0,0,0,0,0,0,0,0,0,0,...%50
    0,0,0,0,0,0,0,0,0,0,...
    0,0,0,0,0,0,0,0,0,0,...
    0,0,0,0,0,0,0,0,0,0,...
    0,0,0,0,0,0,0,0,0,0,...
    0,0,0,0,0,0,0,0,0,0,...%100
    0,0,0,0,0,0,0,0,0,0,...
    0,0,0,0,0,0,0,0,0,0,...
    0,0,0,0,0,0,0,0,0,0,...
    0,0,0,0,0,0,0,0,0,0,...
    0,0,0,0,0,0,0,0,0,0,...%150
    0,0,0,0,0,0,0,0,0,0,...
    0,0,0,0,0,0,0,0,0,0,...
    0,0,0,0,0,0,0,0,0,0,...
    0,0,0,0,0,0,0,0,0,0,...
    0,0,0,0,0,0,0,0,0,0,...%200
    0,0,0,0,0,0,0,0,0,0,...
    0,0,0,0,0,0,0,0,0,0,...
    0,0,0,0,0,0,0,0,0,0,...
    0,0,0,0,0,0,0,0,0,0,...
    0,0,0,0,0,0,0,0,0,0,...%250
    0,0,0,0,0,0,0,0,0,0,...
    0,0,0,0,0,0,0,0,0,0,...
    0,0,0,0,0,0,0,0,0,0,...
    0,0,0,0,0,0,0,0,0,0,...
    0,0,0,0,0,0,zeros(1,195),0,0,0,0,0,0,0,0,0,0,0,0,0,0,0,0,0,0,0,zeros(1,67),0,0,0,...
    0,0,0,0,0,0,0,0,0,0,...
    0,0,0,0,0,0,0,0,0,0,... %600
    0,0,0,0,0,0,0,0,0,0,...
    0,0,0,0,0,0,0,0,0,0,...
    0,0,0,0,0,0,0,0,0,0,...
    0,0,0,0,0,0,0,0,0,0,...
    0,0,0,0,0,0,0,0,0,0,...%650
    0,0,0,0,0,0,0,0,0,0,...
    0,0,0,0,0,0,0,0,0,0,...
    0,0,0,0,0,0,0,0,0,0,...
    0,0,0,0,0,0,0,0,0,0,...
    0,0,0,0,0,0,0,0,0,0,...%700
    0,0,0,0,0,0,0,0,0,0,...
    0,0,0,0,0,0,0,0,0,0,...
    0,0,0,0,0,0,0,0,0,0,...
    0,0,0,0,0,0,0,0,0,0,...
    0,0,0,0,0,0,0,0,0,0,...%750
    0,0,0,0,0,0,0,0,0,0,...
    0,0,0,0,0,0,0,0,0,0,...
    0,0,0,0,0,0,0,0,0,0,...
    0,0,0,0,0,0,0,0,0,0,...
    0,0,0,0,0,0,0,0,0,0,...%800
    0,0,0,0,0,0,0,0,0,0,...
    0,0,0,0,0,0,0,0,0,0,...
    0,0,0,0,0,0,0,0,0,0,...
    0,0,0,0,0,0,0,0,0,0,...
    0,0,0,0,0,0,0,0,0,0,...%850
    0,0,0,0,0,0,0,0,0,0,...
    0,0,0,0,0,0,0,0,0,0,...
    0,0,0,0,0,0,0,0,0,0,...
    0,0,0,0,0,0,0,0,0,0];

manipCat.dt=[0.01,0.01,0.1,0.2,0.05,0.05,0.05,0.05,0.05,0.05,...
    0.05,0.05,0.05,0.050,0.2,0.2,0.2,0.2,0.2,0.2,...
    0.2,0.2,0.2,0.2,0.1,0.1,0.1,0.1,0.1,0.1,...
    0.1,0.1,0.1,0.1,0.1,0.1,0.1,0.1,0.1,0.1,...
    0.1,0.1,0.1,0.1,0.1,0.1,0.1,0.1,0.1,0.1,...%50
    0.005,0.01,0.035,0.1,0.35,0.005,0.01,0.035,0.1,0.35,...
    0.1,0.1,0.1,0.1,0.1,0.1,0.1,0.1,0.1,0.1,...
    0.1,0.1,0.1,0.1,0.1,0.1,0.1,0.1,0.1,0.1,...
    0.1,0.1,0.1,0.1,0.1,0.1,0.1,0.1,0.1,0.1,...
    0.1,0.1,0.1,0.1,0.1,0.1,0.1,0.1,0.1,0.1,...%100
    0.1,0.1,0.1,0.1,0.1,0.1,0.1,0.1,0.1,0.1,...
    0.1,0.1,0.1,0.1,0.1,0.1,0.1,0.1,0.1,0.1,...
    0.1,0.1,0.1,0.1,0.1,0.1,0.1,0.1,0.1,0.1,...
    0.1,0.1,0.1,0.1,0.1,0.1,0.1,0.1,0.1,0.1,...
    0.1,0.1,0.1,0.1,0.1,0.1,0.1,0.1,0.1,0.1,...%150
    0.1,0.1,0.1,0.1,0.1,0.1,0.1,0.1,0.1,0.1,...
    0.1,0.1,0.1,0.1,0.1,0.1,0.1,0.1,0.1,0.1,...
    0.1,0.1,0.1,0.1,0.1,0.1,0.1,0.1,0.1,0.1,...
    0.1,0.1,0.1,0.1,0.1,0.1,0.1,0.1,0.1,0.1,...
    0.1,0.1,0.1,0.1,0.1,0.1,0.1,0.1,0.1,0.1,...%200
    0.1,0.1,0.1,0.1,0.1,0.1,0.1,0.1,0.1,0.1,...
    0.1,0.1,0.1,0.1,0.1,0.1,0.1,0.1,0.1,0.1,...
    0.1,0.1,0.1,0.1,0.1,0.1,0.1,0.1,0.1,0.1,...
    0.1,0.1,0.1,0.1,0.1,0.1,0.1,0.1,0.1,0.1,...
    0.1,0.1,0.1,0.1,0.1,0.1,0.1,0.1,0.1,0.1,...%250
    0.1,0.1,0.1,0.1,0.1,0.1,0.1,0.1,0.1,0.1,...
    0.1,0.1,0.1,0.1,0.1,0.1,0.1,0.1,0.1,0.1,...
    0.1,0.1,0.1,0.1,0.1,0.1,0.1,0.1,0.1,0.1,...
    0.1,0.1,0.1,0.1,0.1,0.1,0.1,0.1,0.1,0.1,...
    0.1,0.1,0.1,0.1,0.1,0.1,0.1*ones(1,195),0.1,0.1,0.1,0.1,0.1,0.1,0.1,0.1,0.1,0.1,0.1,0.1,0.1,0.1,0.1,0.1,0.1,0.1,0.1,0.1*ones(1,67),0.1,0.1,0.1,...
    0.1,0.1,0.1,0.1,0.1,0.1,0.1,0.1,0.1,0.1,...
    0.1,0.1,0.1,0.1,0.1,0.1,0.1,0.1,0.1,0.1,... %600
    0.1,0.1,0.1,0.1,0.1,0.1,0.1,0.1,0.1,0.1,...
    0.1,0.1,0.1,0.1,0.1,0.1,0.1,0.1,0.1,0.1,...
    0.1,0.1,0.1,0.1,0.1,0.1,0.1,0.1,0.1,0.1,...
    0.1,0.1,0.1,0.1,0.1,0.1,0.1,0.1,0.1,0.1,...
    0.05,0.05,0.05,0.05,0.1,0.1,0.1,0.1,0.1,0.1,...%650
    0.1,0.1,0.1,0.1,0.1,0.1,0.1,0.1,0.1,0.1,...
    0.1,0.1,0.1,0.1,0.1,0.1,0.1,0.1,0.1,0.1,...
    0.1,0.1,0.1,0.1,0.1,0.1,0.1,0.1,0.1,0.1,...
    0.1,0.1,0.1,0.1,0.1,0.1,0.1,0.1,0.1,0.1,...
    0.1,0.1,0.1,0.1,0.1,0.1,0.1,0.1,0.1,0.1,...%700
    0.1,0.1,0.1,0.1,0.1,0.1,0.1,0.1,0.1,0.1,...
    0.1,0.1,0.1,0.1,0.1,0.1,0.1,0.1,0.1,0.1,...
    0.1,0.1,0.1,0.1,0.1,0.1,0.1,0.1,0.1,0.1,...
    0.1,0.1,0.1,0.1,0.1,0.1,0.1,0.1,0.1,0.1,...
    0.1,0.1,0.1,0.1,0.1,0.1,0.1,0.1,0.1,0.1,...%750
    0.1,0.1,0.1,0.1,0.1,0.1,0.1,0.1,0.1,0.1,...
    0.1,0.1,0.1,0.1,0.1,0.1,0.1,0.1,0.1,0.1,...
    0.1,0.1,0.1,0.1,0.1,0.1,0.1,0.1,0.1,0.1,...
    0.1,0.1,0.1,0.1,0.1,0.1,0.1,0.1,0.1,0.1,...
    0.1,0.1,0.1,0.1,0.1,0.1,0.1,0.1,0.1,0.1,...%800
    0.1,0.1,0.1,0.1,0.1,0.1,0.1,0.1,0.1,0.1,...
    0.1,0.1,0.1,0.1,0.1,0.1,0.1,0.1,0.1,0.1,...
    0.1,0.1,0.1,0.1,0.1,0.1,0.1,0.1,0.1,0.1,...
    0.1,0.1,0.1,0.1,0.1,0.1,0.1,0.1,0.1,0.1,...
    0.1,0.1,0.1,0.1,0.1,0.1,0.1,0.1,0.1,0.1,...%850
    0.1,0.1,0.1,0.1,0.1,0.1,0.1,0.1,0.1,0.1,...
    0.1,0.1,0.1,0.1,0.1,0.1,0.1,0.1,0.1,0.1,...
    0.1,0.1,0.1,0.1,0.1,0.1,0.1,0.1,0.1,0.1,...%850
    0.1,0.1,0.1,0.1,0.1,0.1,0.1,0.1,0.1,0.1]/20;

manipCat.inertie=[0,1,1,1,1,1,1,1,1,1,...
    1,1,1,1,1,1,1,1,1,1,...
    1,1,1,1,1,1,1,1,1,1,...
    1,1,1,1,0,0,0,0,0,0,...
    0,0,0,0,0,0,0,0,0,0,...%50
    0,0,0,0,0,0,0,0,0,0,...
    0,0,0,0,0,0,0,0,0,0,...
    0,0,0,0,0,0,0,0,0,0,...
    0,0,0,0,0,0,0,0,0,0,...
    0,0,0,0,0,0,0,0,0,0,...%100
    0,0,0,0,0,0,0,0,0,0,...
    0,0,0,0,0,0,0,0,0,0,...
    0,0,0,0,0,0,0,0,0,0,...
    0,0,0,0,0,0,0,0,0,0,...
    0,0,0,0,0,0,0,0,0,0,...%150
    0,0,0,0,0,0,0,0,0,0,...
    0,0,0,0,0,0,0,0,0,0,...
    0,0,0,0,0,0,0,0,0,0,...
    0,0,0,0,0,0,0,0,0,0,...
    0,0,0,0,0,0,0,0,0,0,...%200
    0,0,0,0,0,0,0,0,0,0,...
    0,0,0,0,0,0,0,0,0,0,...
    0,0,0,0,0,0,0,0,0,0,...
    0,0,0,0,0,0,0,0,0,0,...
    0,0,0,0,0,0,0,0,0,0,...%250
    0,0,0,0,0,0,0,0,0,0,...
    0,0,0,0,0,0,0,0,0,0,...
    0,0,0,0,0,0,0,0,0,0,...
    0,0,0,0,0,0,0,0,0,0,...
    0,0,0,0,0,0,zeros(1,195),0,0,0,0,0,0,0,0,0,0,0,0,0,0,0,0,0,0,0,zeros(1,67),0,0,0,...
    0,0,0,0,0,0,0,0,0,0,...
    0,0,0,0,0,0,0,0,0,0,... %600
    0,0,0,0,0,0,0,0,0,0,...
    0,0,0,0,0,0,0,0,0,0,...
    0,0,0,0,0,0,0,0,0,0,...
    0,0,0,0,0,0,0,0,0,0,...
    0,0,0,0,0,0,0,0,0,0,...%650
    0,0,0,0,0,0,0,0,0,0,...
    0,0,0,0,0,0,0,0,0,0,...
    0,0,0,0,0,0,0,0,0,0,...
    0,0,0,0,0,0,0,0,0,0,...
    0,0,0,0,0,0,0,0,0,0,...%700
    0,0,0,0,0,0,0,0,0,0,...
    0,0,0,0,0,0,0,0,0,0,...
    0,0,0,0,0,0,0,0,0,0,...
    0,0,0,0,0,0,0,0,0,0,...
    0,0,0,0,0,0,0,0,0,0,...%750
    0,0,0,0,0,0,0,0,0,0,...
    0,0,0,0,0,0,0,0,0,0,...
    0,0,0,0,0,0,0,0,0,0,...
    0,0,0,0,0,0,0,0,0,0,...
    0,0,0,0,0,0,0,0,0,0,...%800
    0,0,0,0,0,0,0,0,0,0,...
    0,0,0,0,0,0,0,0,0,0,...
    0,0,0,0,0,0,0,0,0,0,...
    0,0,0,0,0,0,0,0,0,0,...
    0,0,0,0,0,0,0,0,0,0,...%850
    0,0,0,0,0,0,0,0,0,0,...
    0,0,0,0,0,0,0,0,0,0,...
    0,0,0,0,0,0,0,0,0,0,...
    0,0,0,0,0,0,0,0,0,0];
                    
