nombreVid=174;

manipCat200320.taup=[0,0,0.1,0.2,0.4,0.1,0.2,0.4,0,0.2,...
                    0.2,0.2,0.2,0.2,0.2,0.2,0.2,0.2,0.2,0.2,...       
                    0.2,0.2,0.2,0.2,0.2,0.2,0.2,0.2,0.2,0.2,...          
                    0.2,0.2,0.2,0.2,0.2,0.2,0,0.2,0.2,0.2,...
                    0.2,0.2,0.2,0.2,0.2,0.2,0.2,0.2,0.2,0.2,... %50
                    0.2,0.2,0.2,0.2,0.2,0.2,0.2,0.2,0.2,0.2,...
                    0.2,0.2,0.2,0.2,0.2,0.2,0.2,0.2,0.2,0.2,...
                    0.2,0.2,0.2,0.2,0.2,0.2,0.2,0.2,0.2,0.2,...
                    0.2,0.2,0.2,0.2,0.2,0.2,0.2,0.2,0.2,0.2,...
                    0.2,0.2,0.2,0.2,0.2,0.2,0.2,0.2,0.2,0.2,... % 100
                    0.2,0.2,0.2,0.2,0.2,0.2,0.2,0.2,0.2,0.2,...
                    0.2,0.2,0.2,0.2,0.2,0.2,0.2,0.2,0.2,0.2,...
                    0.2,0.2,0.2,0.2,0.2,0.2,0.2,0.2,0.2,0.2,...
                    0.2,0.2,0.2,0.2,0.2,0.2,0.2,0.2,0.2,0.2,...
                    0.2,0.2,0.2,0.2,0.2,0.2,0.2,0.2,0.2,0.2,...%150
                    0.2,0.2,0.2,0.2,0.2,0.2,0.2,0.2,0.2,0.2,...
                    0.2,0.2,0.2,0.2,0.2,0.2,0.2,0.2,0.2,0.2,...
                    0.2,0.2,0.2,0.2];
                
manipCat200320.inertie=[0,0,1,1,1,1,1,1,0,1,...
                        1,1,1,1,1,1,1,1,1,1,...
                        1,1,1,1,1,1,1,1,1,1,...
                        1,1,1,1,1,1,0,1,1,1,...
                        1,1,1,1,1,1,1,1,1,1,... %50
                        1,1,1,1,1,1,1,1,1,1,...
                        1,1,1,1,1,1,1,1,1,1,...
                        1,1,1,1,1,1,1,1,1,1,...
                        1,1,1,1,1,1,1,1,1,1,...
                        1,1,1,1,1,1,1,1,1,1,... %100
                        1,1,1,1,1,1,1,1,1,1,...
                        1,1,1,1,1,1,1,1,1,1,...
                        1,1,1,1,1,1,1,1,1,1,...
                        1,1,1,1,1,1,1,1,1,1,...
                        1,1,1,1,1,1,1,1,1,1,...%150
                        1,1,1,1,1,1,1,1,1,1,...
                        1,1,1,1,1,1,1,1,1,1,...
                        1,1,1,1];
                    
manipCat200320.amp_ec=[1,5,1,1,1,5,5,5,0,0,...
                       0,0,0,0,0,2,4,6,3,3,...
                       3,0,1,1,1,1,1,1,1,1,...
                       1,1,1,6,6,6,6,6,1,1,...
                       1,1,1,1,3,3,3,3,3,3,... %50
                       3,3,3,1,1,5,5,5,5,5,...
                       5,5,1,5,5,3,3,5,5,5,...
                       5,5,5,5,3,3,1,3,3,1,...
                       1,1,1,1,1,1,1,1,1,3,...
                       3,3,3,3,5,5,5,5,5,4,... %100
                       4,4,4,4,2,2,2,2,2,1,...
                       1,1,1,1,1,1,1,1,1,3,...
                       3,3,3,3,3,3,3,3,3,5,...
                       5,5,5,5,5,5,5,5,5,1,...
                       1,1,1,1,5,5,1,2,2,2,...%150
                       2,2,2,2,2,2,2,4,4,4,...
                       4,4,4,4,4,4,4,2,4,4,...
                       2,1,1,4];
                   
manipCat200320.npart=[1,1,1,1,1,1,1,1,10,10,...
                      7,15,30,45,1,1,1,1,1,1,...
                      1,10,1,1,1,1,1,1,1,1,...
                      1,1,1,1,1,1,1,1,1,1,...
                      1,1,1,1,1,1,1,1,1,1,... %50
                      1,1,1,1,1,1,1,1,1,1,...
                      1,1,1,1,1,1,1,1,1,1,...
                      1,1,1,1,1,1,1,1,1,1,...
                      1,1,1,1,1,1,1,1,1,1,...
                      1,1,1,1,1,1,1,1,1,1,... %100
                      1,1,1,1,1,1,1,1,1,1,...
                      1,1,1,1,1,1,1,1,1,1,...
                      1,1,1,1,1,1,1,1,1,1,...
                      1,1,1,1,1,1,1,1,1,1,...
                      1,1,1,1,15,15,1,1,1,1,...%150
                      1,1,1,1,1,1,1,1,1,1,...
                      1,1,1,1,1,1,1,1,1,1,...
                      1,1,1,1];
                  
manipCat200320.A=[0,0,0,0,0,0,0,0,0.8,0.8,...
                  0.8,0.8,0.8,0.8,0.8,0.8,0.8,0.8,0.2,0.4,...
                  0.6,0.8,0.1,0.15,0.2,0.25,0.3,0.35,0.4,0.45,...
                  0.5,0.55,0.6,0.2,0.4,0.6,0,0,0.4,0.45,...
                  0.5,0.55,0.6,1,0.15,0.2,0.25,0.3,0.35,0.4,... %50
                  0.45,0.5,0.55,0.005,1.5,0.15,0.2,0.25,0.3,0.35,...
                  0.4,0.45,0.05,0.55,0.6,0.005,0.01,0.05,0.01,1,...
                  1.5,0.1,0.5,0.005,0.05,0.1,0.01,1,1.5,0.005,...
                  0.01,0.05,1,1.5,0.001,0.005,0.01,0.05,0.1,0.001,...
                  0.005,0.01,0.05,0.1,0.001,0.005,0.01,0.05,0.1,0.001,... %100
                  0.005,0.01,0.05,0.1,0.001,0.005,0.01,0.05,0.1,0.0010,...
                  0.0018,0.0033,0.0059,0.0106,0.0191,0.0345,0.0623,0.1123,0.2027,0.0010,...
                  0.0018,0.0033,0.0059,0.0106,0.0191,0.0345,0.0623,0.1123,0.2027,0.0010,...
                  0.0018,0.0033,0.0059,0.0106,0.0191,0.0345,0.0623,0.1123,0.2027,0.1,...
                  0.1,0.1,0.1,0.01,0.01,0.01,0.1,0.0010,0.0018,0.0033,...%150
                  0.0059,0.0106,0.0191,0.0345,0.0623,0.1123,0.2027,0.0010,0.0018,0.0033,...
                  0.0059,0.0106,0.0191,0.0345,0.0623,0.1123,0.2027,0.3657,0.00055433,0,...
                  0.6598,0.3657,0.6598,0.00030724]; 
              
manipCat200320.set={'test','test','test','test','test','test','test','test','test','test',...
                    'varN','varN','varN','varN','varV','varV','varV','varV','varA','varA',...
                    'varA','test','varA','varA','varA','varA','varA','varA','varA','varA',...
                    'varA','varA','varA','varA','varA','varA','test','test','varA','varA',...
                    'varA','varA','varA','varA','varA','varA','varA','varA','varA','varA',... %50
                    'varA','varA','varA','varA','varA','varA','varA','varA','varA','varA',...
                    'varA','varA','varA','varA','varA','varA','varA','varA','varA','varA',...
                    'varA','varA','varA','varA','varA','varA','varA','varA','varA','varA',...
                    'varA','varA','varA','varA','cycl','cycl','cycl','cycl','cycl','cycl',...
                    'cycl','cycl','cycl','cycl','cycl','cycl','cycl','cycl','cycl','cycl',... %100
                    'cycl','cycl','cycl','cycl','cycl','cycl','cycl','cycl','cycl','pieg',...
                    'pieg','pieg','pieg','pieg','pieg','pieg','pieg','pieg','pieg','pieg',...
                    'pieg','pieg','pieg','pieg','pieg','pieg','pieg','pieg','pieg','pieg',...
                    'pieg','pieg','pieg','pieg','pieg','pieg','pieg','pieg','pieg','test',...
                    'test','test','test','test','test','test','test','pieg','pieg','pieg',...%150
                    'pieg','pieg','pieg','pieg','pieg','pieg','pieg','pieg','pieg','pieg',...
                    'pieg','pieg','pieg','pieg','pieg','pieg','pieg','pieg','pieg','pieg',...
                    'pieg','pieg','pieg','pieg'};
                
