nombreVid=119;

manipCat.taup=[0,0.01,0.1,0.2,0.05,0.05,0.05,0.05,0.05,0.05,...
    0.05,0.05,0.05,0.050,0.2,0.2,0.2,0.2,0.2,0.2,...
    0.2,0.2,0.2,0.2,0.1,0.1,0.1,0.1,0.1,0.1,...
    0.1,0.1,0.1,0.1,0,0,0,0,0,0,...
    0,0,0,0,0,0,0,0,0,0,...%50
    0,0,0,0,0,0,0,0,0,0,...
    0,0,0,0,0,0,0,0,0,0,...
    0,0,0,0,0,0,0,0,0,0,...
    0,0,0,0,0,0,0,0,0,0,...
    0,0,0,0,0,0,0,0,0,0,...%100
    0,0,0,0,0,0,0,0,0,0,...
    0,0,0,0,0,0,0,0,0];
manipCat.dt=[0.01,0.01,0.1,0.2,0.05,0.05,0.05,0.05,0.05,0.05,...
    0.05,0.05,0.05,0.050,0.2,0.2,0.2,0.2,0.2,0.2,...
    0.2,0.2,0.2,0.2,0.1,0.1,0.1,0.1,0.1,0.1,...
    0.1,0.1,0.1,0.1,0.1,0.1,0.1,0.1,0.1,0.1,...
    0.1,0.1,0.1,0.1,0.1,0.1,0.1,0.1,0.1,0.1,...%50
    0.005,0.01,0.035,0.1,0.35,0.005,0.01,0.035,0.1,0.35,...
    0.1,0.1,0.1,0.1,0.1,0.1,0.1,0.1,0.1,0.1,...
    0.1,0.1,0.1,0.1,0.1,0.1,0.1,0.1,0.1,0.1,...
    0.1,0.1,0.1,0.1,0.1,0.1,0.1,0.1,0.1,0.1,...
    0.1,0.1,0.1,0.1,0.1,0.1,0.1,0.1,0.1,0.1,...%100
    0.1,0.1,0.1,0.1,0.1,0.1,0.1,0.1,0.1,0.1,...
    0.1,0.1,0.1,0.1,0.1,0.1,0.1,0.1,0.1]/20;

manipCat.inertie=[0,1,1,1,1,1,1,1,1,1,...
    1,1,1,1,1,1,1,1,1,1,...
    1,1,1,1,1,1,1,1,1,1,...
    1,1,1,1,0,0,0,0,0,0,...
    0,0,0,0,0,0,0,0,0,0,...%50
    0,0,0,0,0,0,0,0,0,0,...
    0,0,0,0,0,0,0,0,0,0,...
    0,0,0,0,0,0,0,0,0,0,...
    0,0,0,0,0,0,0,0,0,0,...
    0,0,0,0,0,0,0,0,0,0,...%100
    0,0,0,0,0,0,0,0,0,0,...
    0,0,0,0,0,0,0,0,0];
                    
manipCat.amp_ec=[3,3,3,3,0,0,0,0,0,0,...
                0,0,0,0,0,0,0,0,0,0,...
                0,0,0,0,0,0,0,0,0,0,...
                0,0,0,0,0,0,0,0,0,0,...
                0,0,0,0,0,0,0,0,0,0,...%50
                3,3,3,3,3,0,0,0,0,0,...
                3,2,1,4,5,3,3,3,3,3,...
                0,0,0,0,0,0,0,0,0,0,...
                0,0,0,0,0,0,0,0,0,0,...
                0,0,3,3,3,3,3,3,3,3,...%100
                3,3,3,3,3,3,3,3,3,3,...
                3,3,3,3,3,3,3,3,3];
                   
manipCat.npart=[1,1,1,1,1,1,1,1,1,1,...
    1,1,1,1,1,1,1,1,1,1,...
    1,1,1,1,1,1,1,1,1,1,...
    1,1,1,1,1,1,1,1,1,1,...
    1,1,1,1,7,15,25,45,70,100,...%50
    1,1,1,1,1,1,1,1,1,1,...
    1,1,1,1,1,1,1,1,1,1,...
    45,45,45,45,45,7,15,25,70,100,...
    35,45,40,45,7,15,25,30,40,45,...
    70,100,1,1,1,1,1,1,1,1,...%100
    1,1,1,1,1,1,1,1,1,1,...
    1,1,1,1,1,1,1,1,1];
                 
manipCat.A=[0,0,0,0,0.54,1,1.6632,2.1842,2.7053,3.7474,...
    4.7895,6.3526,7.9158,10,0.54,1,1.6632,2.1842,2.7053,3.7474,...
    4.7895,6.3526,7.9158,10,0.54,1,1.6632,2.1842,2.7053,3.7474,...
    4.7895,6.3526,7.9158,10,0.54,1,1.6632,2.1842,2.7053,3.7474,...
    4.7895,6.3526,7.9158,10,1,1,1,1,1,1,...%50
    0,0,0,0,0,1,1,1,1,1,...
    1,1,1,1,1,0.54,1,1.6632,2.1842,3.7474,...
    1,1,1,1,1,1,1,1,1,1,...
    1,1,1,1,1,1,1,1,1,1,...
    1,1,1.6632,1.6632,1.6632,1.6632,1.6632,1.6632,1.6632,1.6632,...%100
    0.3,0.6,1,1.4,2,2.1,2.5,3,4,5,...
    2.2,0,0.8,1.2,1.6,1.8,1.5,1.7,1.9]; 
              
manipCat.set={'iner','iner','iner','iner','vita','vita','vita','vita','vita','vita',...
    'vita','vita','vita','vita','vita','vita','vita','vita','vita','vita',...
    'vita','vita','vita','vita','vita','vita','vita','vita','vita','vita',...
    'vita','vita','vita','vita','vita','vita','vita','vita','vita','vita',...
    'vita','vita','vita','vita','mult','mult','mult','mult','mult','mult',...%50
    'tine','tine','tine','tine','tine','tine','tine','tine','tine','tine',...
    'vort','vort','vort','vort','vort','vara','vara','vara','vara','vara',...
    'satc','satc','satc','satc','satc','satc','satc','satc','satc','satc',...
    'satc','satc','satc','satc','satc','satc','satc','satc','satc','satc',...
    'satc','satc','vcin','vcin','vcin','vcin','vcin','vcin','vcin','vcin',...%100
    'equi','equi','equi','equi','equi','equi','equi','equi','equi','equi',...
    'equi','equi','equi','equi','equi','equi','equi','equi','equi'};
                
manipCat.video={'00','01','02','03','01','02','03','04','05','06',...
    '07','08','09','10','11','12','13','14','15','16',...
    '17','18','19','20','21','22','23','24','25','26',...
    '27','28','29','30','01','02','03','04','05','06',...
    '07','08','09','10','01','02','03','04','05','06',...%50
    '01','02','03','04','05','06','07','08','09','10',...
    '01','02','03','04','05','01','02','03','04','05',...
    '01','02','03','04','05','06','07','08','09','10',...
    '11','12','13','14','01','02','03','04','05','06',...
    '07','08','01','02','03','04','05','06','07','08',...%100
    '01','02','03','04','05','06','07','08','09','10',...
    '11','12','13','14','15','16','17','18','19'};
manipCat.advection=ones(1,nombreVid);

manipCat.asrc=ones(1,nombreVid);

manipCat.nt=1e4*[5,5,2,1,0.2,0.2,0.2,0.2,0.2,0.2,...
    0.2,0.2,0.2,0.2,0.3,0.3,0.3,0.3,0.3,0.3,...
    0.3,0.3,0.3,0.3,0.4,0.4,0.4,0.4,0.4,0.4,...
    0.4,0.4,0.4,0.4,0.5,0.5,0.5,0.5,0.5,0.5,...
    0.5,0.5,0.5,0.5,10,10,10,10,10,10,...%50
    5,2.5,0.7143,0.25,0.0714,5,2.5,0.7143,0.25,0.0714,...
    10,10,10,10,10,10,10,10,10,10,...
    5,5,3,3,3,3,3,3,3,3,...
    3,10,3,3,3,3,3,3,3,10,...
    3,3,1,1,1,1,1,1,1,1,...%100
    3,3,3,3,3,3,2,2,2,2,...
    3,3,3,3,3,3,3,3,3];

manipCat.date={'201110','201110','201110','201110','201112','201112','201112','201112','201112','201112',...
    '201112','201112','201112','201112','201112','201112','201112','201112','201112','201112',...
    '201112','201112','201112','201112','201112','201112','201112','201112','201112','201112',...
    '201112','201112','201112','201112','201119','201119','201119','201119','201119','201119',...
    '201119','201119','201119','201119','201119','201119','201119','201119','201119','201119',...%50
    '201119','201119','201119','201119','201119','201119','201119','201119','201119','201119',...
    '201127','201127','201127','201127','201127','201127','201127','201127','201127','201127',...
    '201202','201202','201202','201202','201202','201202','201202','201202','201202','201202',...
    '201202','201202','201202','201202','201204','201204','201204','201204','201204','201204',...
    '201204','201204','201204','201204','201204','201204','201204','201204','201204','201204',...%100
    '201211','201211','201211','201211','201211','201211','201211','201211','201211','201211',...
    '201211','201211','201211','201211','201211','201211','201211','201211','201211'};

manipCat.randomstart=[2,2,2,2,2*ones(1,40),1,1,1,1,1,1,... %50
    2,2,2,2,2,2,2,2,2,2,...
    2,2,2,2,2,2,2,2,2,2,...
    1,1,1,1,1,1,1,1,1,1,...
    1,1,1,1,1,1,1,1,1,1,...
    1,1,1,1,1,1,1,1,1,1,...%100
    3,3,3,3,3,3,3,3,3,3,...
    3,3,3,3,3,3,3,3,3];
                        
manipCat.paramec=ones(1,nombreVid);

manipCat.satur=[zeros(1,70),...
    0.1,0.3,0.6,1,2,0.6,0.6,0.6,0.6,0.6,...
    0.6,0.8,0.6,0.7,0.9,0.9,0.9,0.9,0.9,0.9,...
    0.9,0.9,0,0,0,0,0,0,0,0,...%100
    0,0,0,0,0,0,0,0,0,0,...
    0,0,0,0,0,0,0,0,0];
                            