nombreVid=233;

manipCat.taup=[0,0.01,0.1,0.2,0.05,0.05,0.05,0.05,0.05,0.05,...
    0.05,0.05,0.05,0.050,0.2,0.2,0.2,0.2,0.2,0.2,...
    0.2,0.2,0.2,0.2,0.1,0.1,0.1,0.1,0.1,0.1,...
    0.1,0.1,0.1,0.1,0,0,0,0,0,0,...
    0,0,0,0,0,0,0,0,0,0,...%50
    0,0,0,0,0,0,0,0,0,0,...
    0,0,0,0,0,0,0,0,0,0,...
    0,0,0,0,0,0,0,0,0,0,...
    0,0,0,0,0,0,0,0,0,0,...
    0,0,0,0,0,0,0,0,0,0,...%100
    0,0,0,0,0,0,0,0,0,0,...
    0,0,0,0,0,0,0,0,0,0,...
    0,0,0,0,0,0,0,0,0,0,...
    0,0,0,0,0,0,0,0,0,0,...
    0,0,0,0,0,0,0,0,0,0,...%150
    0,0,0,0,0,0,0,0,0,0,...
    0,0,0,0,0,0,0,0,0,0,...
    0,0,0,0,0,0,0,0,0,0,...
    0,0,0,0,0,0,0,0,0,0,...
    0,0,0,0,0,0,0,0,0,0,...%200
    0,0,0,0,0,0,0,0,0,0,...
    0,0,0,0,0,0,0,0,0,0,...
    0,0,0,0,0,0,0,0,0,0,...
    0,0,0];
manipCat.dt=[0.01,0.01,0.1,0.2,0.05,0.05,0.05,0.05,0.05,0.05,...
    0.05,0.05,0.05,0.050,0.2,0.2,0.2,0.2,0.2,0.2,...
    0.2,0.2,0.2,0.2,0.1,0.1,0.1,0.1,0.1,0.1,...
    0.1,0.1,0.1,0.1,0.1,0.1,0.1,0.1,0.1,0.1,...
    0.1,0.1,0.1,0.1,0.1,0.1,0.1,0.1,0.1,0.1,...%50
    0.005,0.01,0.035,0.1,0.35,0.005,0.01,0.035,0.1,0.35,...
    0.1,0.1,0.1,0.1,0.1,0.1,0.1,0.1,0.1,0.1,...
    0.1,0.1,0.1,0.1,0.1,0.1,0.1,0.1,0.1,0.1,...
    0.1,0.1,0.1,0.1,0.1,0.1,0.1,0.1,0.1,0.1,...
    0.1,0.1,0.1,0.1,0.1,0.1,0.1,0.1,0.1,0.1,...%100
    0.1,0.1,0.1,0.1,0.1,0.1,0.1,0.1,0.1,0.1,...
    0.1,0.1,0.1,0.1,0.1,0.1,0.1,0.1,0.1,0.1,...
    0.1,0.1,0.1,0.1,0.1,0.1,0.1,0.1,0.1,0.1,...
    0.1,0.1,0.1,0.1,0.1,0.1,0.1,0.1,0.1,0.1,...
    0.1,0.1,0.1,0.1,0.1,0.1,0.1,0.1,0.1,0.1,...%150
    0.1,0.1,0.1,0.1,0.1,0.1,0.1,0.1,0.1,0.1,...
    0.1,0.1,0.1,0.1,0.1,0.1,0.1,0.1,0.1,0.1,...
    0.1,0.1,0.1,0.1,0.1,0.1,0.1,0.1,0.1,0.1,...
    0.1,0.1,0.1,0.1,0.1,0.1,0.1,0.1,0.1,0.1,...
    0.1,0.1,0.1,0.1,0.1,0.1,0.1,0.1,0.1,0.1,...%200
    0.1,0.1,0.1,0.1,0.1,0.1,0.1,0.1,0.1,0.1,...
    0.1,0.1,0.1,0.1,0.1,0.1,0.1,0.1,0.1,0.1,...
    0.1,0.1,0.1,0.1,0.1,0.1,0.1,0.1,0.1,0.1,...
    0.1,0.1,0.1]/20;

manipCat.inertie=[0,1,1,1,1,1,1,1,1,1,...
    1,1,1,1,1,1,1,1,1,1,...
    1,1,1,1,1,1,1,1,1,1,...
    1,1,1,1,0,0,0,0,0,0,...
    0,0,0,0,0,0,0,0,0,0,...%50
    0,0,0,0,0,0,0,0,0,0,...
    0,0,0,0,0,0,0,0,0,0,...
    0,0,0,0,0,0,0,0,0,0,...
    0,0,0,0,0,0,0,0,0,0,...
    0,0,0,0,0,0,0,0,0,0,...%100
    0,0,0,0,0,0,0,0,0,0,...
    0,0,0,0,0,0,0,0,0,0,...
    0,0,0,0,0,0,0,0,0,0,...
    0,0,0,0,0,0,0,0,0,0,...
    0,0,0,0,0,0,0,0,0,0,...%150
    0,0,0,0,0,0,0,0,0,0,...
    0,0,0,0,0,0,0,0,0,0,...
    0,0,0,0,0,0,0,0,0,0,...
    0,0,0,0,0,0,0,0,0,0,...
    0,0,0,0,0,0,0,0,0,0,...%200
    0,0,0,0,0,0,0,0,0,0,...
    0,0,0,0,0,0,0,0,0,0,...
    0,0,0,0,0,0,0,0,0,0,...
    0,0,0];
                    
manipCat.amp_ec=[3,3,3,3,0,0,0,0,0,0,...
                0,0,0,0,0,0,0,0,0,0,...
                0,0,0,0,0,0,0,0,0,0,...
                0,0,0,0,0,0,0,0,0,0,...
                0,0,0,0,0,0,0,0,0,0,...%50
                3,3,3,3,3,0,0,0,0,0,...
                3,2,1,4,5,3,3,3,3,3,...
                0,0,0,0,0,0,0,0,0,0,...
                0,0,0,0,0,0,0,0,0,0,...
                0,0,3,3,3,3,3,3,3,3,...%100
                3,3,3,3,3,3,3,3,3,3,...
                3,3,3,3,3,3,3,3,3,3,...
                3,3,3,3,3,3,3,0,0,0,...
                0,0,0,0,0,0,0,0,0,0,...
                0,0,0,0,0,0,0,0,0,0,...%150
                0,0,0,0,0,0,0,0,0,0,...
                0,0,0,0,0,0,0,0,0,0,...
                3,3,3,3,3,3,3,3,3,3,...
                0,0,0,0,0,0,0,0,0,0,...
                0,0,0,0,0,0,0,0,0,0,...%200
                0,0,0,0,0,0,0,0,0,0,...
                0,0,0,0,0,0,0,0,0,0,...
                0,0,0,0,3,3,3,3,3,3,...
                0.75,1.5,6];
                   
manipCat.npart=[1,1,1,1,1,1,1,1,1,1,...
    1,1,1,1,1,1,1,1,1,1,...
    1,1,1,1,1,1,1,1,1,1,...
    1,1,1,1,1,1,1,1,1,1,...
    1,1,1,1,7,15,25,45,70,100,...%50
    1,1,1,1,1,1,1,1,1,1,...
    1,1,1,1,1,1,1,1,1,1,...
    45,45,45,45,45,7,15,25,70,100,...
    35,45,40,45,7,15,25,30,40,45,...
    70,100,1,1,1,1,1,1,1,1,...%100
    1,1,1,1,1,1,1,1,1,1,...
    1,1,1,1,1,1,1,1,1,1,...
    1,1,1,1,1,1,1,2,2,2,...
    2,2,2,2,2,2,2,2,2,2,...
    2,2,2,2,2,2,2,2,2,2,...%150
    2,2,2,2,1,1,1,1,1,1,...
    1,1,1,1,1,1,1,1,1,1,...
    1,1,1,1,1,1,1,1,1,1,...
    2,2,2,2,2,2,2,2,2,2,...
    2,2,2,2,2,2,2,2,2,2,...%200
    2,2,2,2,2,2,2,2,2,2,...
    2,2,2,2,2,2,2,2,2,2,...
    2,2,2,2,1,1,1,1,1,1,...
    1,1,1];
                 
manipCat.A=[0,0,0,0,0.54,1,1.6632,2.1842,2.7053,3.7474,...
    4.7895,6.3526,7.9158,10,0.54,1,1.6632,2.1842,2.7053,3.7474,...
    4.7895,6.3526,7.9158,10,0.54,1,1.6632,2.1842,2.7053,3.7474,...
    4.7895,6.3526,7.9158,10,0.54,1,1.6632,2.1842,2.7053,3.7474,...
    4.7895,6.3526,7.9158,10,1,1,1,1,1,1,...%50
    0,0,0,0,0,1,1,1,1,1,...
    1,1,1,1,1,0.54,1,1.6632,2.1842,3.7474,...
    1,1,1,1,1,1,1,1,1,1,...
    1,1,1,1,1,1,1,1,1,1,...
    1,1,1.6632,1.6632,1.6632,1.6632,1.6632,1.6632,1.6632,1.6632,...%100
    0.3,0.6,1,1.4,2,2.1,2.5,3,4,5,...
    2.2,0,0.8,1.2,1.6,1.8,1.5,1.7,1.9,0.1,...
    0.2,0.4,0.5,0.7,0.9,1.1,1.3,1,1,1,...
    1,1,1,1,1,1,1,1,1,1,...
    1,1,1,1,1,1,1,1,1,1,...%150
    1,1,1,1,0,0.1,0.2,0.3,0.4,0.5,...
    0.52,0.53,0.55,0.56,0.6,0.7,0.8,0.9,0.65,0.58,...
    0.1,0.54,1,2,4,0.2,0.3,0.4,0.5,0.53,...
    0.6,0.6,0.6,0.6,0.6,0.6,0.6,0.6,0.6,0.6,...
    0.6,0.6,0.6,0.6,0.6,0.6,0.6,0.6,0.6,0.6,...%200
    0.6,0.6,2,2,2,2,2,2,2,2,...
    2,2,2,2,2,2,2,2,2,2,...
    2,2,2,2,1,2,4,1,2,4,...
    2,2,2]; 
              
manipCat.set={'iner','iner','iner','iner','vita','vita','vita','vita','vita','vita',...
    'vita','vita','vita','vita','vita','vita','vita','vita','vita','vita',...
    'vita','vita','vita','vita','vita','vita','vita','vita','vita','vita',...
    'vita','vita','vita','vita','vita','vita','vita','vita','vita','vita',...
    'vita','vita','vita','vita','mult','mult','mult','mult','mult','mult',...%50
    'tine','tine','tine','tine','tine','tine','tine','tine','tine','tine',...
    'vort','vort','vort','vort','vort','vara','vara','vara','vara','vara',...
    'satc','satc','satc','satc','satc','satc','satc','satc','satc','satc',...
    'satc','satc','satc','satc','satc','satc','satc','satc','satc','satc',...
    'satc','satc','vcin','vcin','vcin','vcin','vcin','vcin','vcin','vcin',...%100
    'equi','equi','equi','equi','equi','equi','equi','equi','equi','equi',...
    'equi','equi','equi','equi','equi','equi','equi','equi','equi','equi',...
    'equi','equi','equi','equi','equi','equi','equi','coll','coll','coll',...
    'coll','coll','coll','coll','coll','coll','coll','coll','coll','coll',...
    'coll','coll','coll','coll','coll','coll','coll','coll','coll','coll',...%150
    'coll','coll','coll','coll','vita','vita','vita','vita','vita','vita',...
    'vita','vita','vita','vita','vita','vita','vita','vita','vita','vita',...
    'cisa','cisa','cisa','cisa','cisa','cisa','cisa','cisa','cisa','cisa',...
    'coll','coll','coll','coll','coll','coll','coll','coll','coll','coll',...
    'coll','coll','coll','coll','coll','coll','coll','coll','coll','coll',...%200
    'coll','coll','coll','coll','coll','coll','coll','coll','coll','coll',...
    'coll','coll','coll','coll','coll','coll','coll','coll','coll','coll',...
    'coll','coll','coll','coll','cisa','cisa','cisa','cisa','cisa','cisa',...
    'cisa','cisa','cisa'};
                
