nombreVid=38;

manipCat200320.taup=[0,0,0.1,0.2,0.4,0.1,0.2,0.4,0,0.2,...
                    0.2,0.2,0.2,0.2,0.2,0.2,0.2,0.2,0.2,0.2,...       
                    0.2,0.2,0.2,0.2,0.2,0.2,0.2,0.2,0.2,0.2,...          
                    0.2,0.2,0.2,0.2,0.2,0.2,0,0.2];
                
manipCat200320.inertie=[0,0,1,1,1,1,1,1,0,1,...
                        1,1,1,1,1,1,1,1,1,1,...
                        1,1,1,1,1,1,1,1,1,1,...
                        1,1,1,1,1,1,0,1];
                    
manipCat200320.amp_ec=[1,5,1,1,1,5,5,5,0,0,...
                       0,0,0,0,0,2,4,6,3,3,...
                       3,0,1,1,1,1,1,1,1,1,...
                       1,1,1,6,6,6,6,6];
                   
manipCat200320.npart=[1,1,1,1,1,1,1,1,10,10,...
                      7,15,30,45,1,1,1,1,1,1,...
                      1,10,1,1,1,1,1,1,1,1,...
                      1,1,1,1,1,1,1,1];
                  
manipCat200320.A=[0,0,0,0,0,0,0,0,0.8,0.8,...
                  0.8,0.8,0.8,0.8,0.8,0.8,0.8,0.8,0.2,0.4,...
                  0.6,0.8,0.1,0.15,0.2,0.25,0.3,0.35,0.4,0.45,...
                  0.5,0.55,0.6,0.2,0.4,0.6,0,0];
              
manipCat200320.set={'test','test','test','test','test','test','test','test','test','test',...
                    'varN','varN','varN','varN','varV','varV','varV','varV','varA','varA',...
                    'varA','test','varA','varA','varA','varA','varA','varA','varA','varA',...
                    'varA','varA','varA','varA','varA','varA','test','test'};
                
manipCat200320.video={'01','02','03','04','05','06','07','08','09','10',...
                      '07','15','30','40','00','02','04','06','02','04',...
                      '06','11','01','02','03','04','05','06','07','08',...
                      '09','10','11','12','13','14','15','16'};
                  
manipCat200320.advection=ones(1,38);

manipCat200320.asrc=0.1*ones(1,38);

manipCat200320.nt=1e4*[ones(1,10),...
                       ones(1,8),5,5,...
                       5,4,5,5,5,5,5,5,5,5,...
                       5,5,5,5,5,5,2,2];
manipCat200320.date={'200320','200320','200320','200320','200320','200320','200320','200320','200320','200320',...
                     '200320','200320','200320','200320','200320','200320','200320','200320','200320','200320',...
                     '200320','200320','200402','200402','200402','200402','200402','200402','200402','200402',...
                     '200402','200402','200402','200402','200402','200402','200402','200402'};



manipCat200320.randomstart=[ones(1,10),...
                            ones(1,10),...
                            ones(1,10),...
                            ones(1,6),0,0];